K = 2, N = 10


0.047490
0.047490
0.083313


0.054862
0.054862
0.036977


-0.094753
-0.094753
-0.033933


0.100120
0.100120
-0.283318


-0.078605
-0.078605
-1.005189

-0.001592


K = 2, N = 15


-0.150761
-0.150761
-0.225482


-0.423821
-0.423821
-0.408291


-0.255396
-0.255396
-0.213096


-0.057550
-0.057550
-0.387608


-0.040531
-0.040531
-0.062944

0.166392


K = 2, N = 25


0.032864
0.032864
0.099876


-0.310199
-0.310199
-0.316246


-0.161920
-0.161920
-0.355898


0.054064
0.054064
0.351874


-0.041581
-0.041581
-0.514166

0.028484


K = 3, N = 10


0.039626
0.039626
0.076460


-0.269323
-0.269323
-0.338472


0.049561
0.049561
-0.043432


0.001219
0.001219
-0.168980


0.036042
0.036042
-0.023307


0.004382
0.004382
-0.128971

-0.005691


K = 3, N = 15


0.126154
0.126154
0.253101


0.086382
0.086382
0.061186


-0.042109
-0.042109
-0.138839


0.140180
0.140180
0.163091


-0.098984
-0.098984
-0.707132


0.206706
0.206706
0.326138

-0.088218


K = 3, N = 25


-0.008339
-0.008339
-0.001464


0.074080
0.074080
0.087940


0.012828
0.012828
-0.220727


0.014160
0.014160
0.185019


-0.080983
-0.080983
-0.046454


-0.050834
-0.050834
-0.135636

0.012169


K = 4, N = 10


-0.011106
-0.011106
-0.076883


0.006042
0.006042
-0.078340


0.075939
0.075939
0.035478


-0.153391
-0.153391
-0.438173


0.130630
0.130630
0.183068


0.042381
0.042381
0.239301


0.061864
0.061864
-0.032321

-0.016173


K = 4, N = 15


-0.030677
-0.030677
-0.038322


0.005826
0.005826
0.013075


-0.080780
-0.080780
-0.151695


0.042201
0.042201
0.124994


0.063971
0.063971
0.181512


-0.002129
-0.002129
-0.011181


-0.112170
-0.112170
-0.227614

0.012158


K = 4, N = 25


0.006614
0.006614
-0.045954


-0.141009
-0.141009
-0.169923


0.001425
0.001425
-0.102003


-0.062429
-0.062429
-0.018235


-0.087280
-0.087280
-0.134205


0.053186
0.053186
0.467162


-0.024230
-0.024230
-0.167383

0.015003


K = 5, N = 10


-0.019929
-0.019929
-0.034478


-0.093539
-0.093539
-0.038853


-0.097409
-0.097409
-0.169211


-0.103562
-0.103562
-0.139461


-0.113665
-0.113665
-0.174311


0.023041
0.023041
-0.090950


0.131986
0.131986
0.363480


0.067757
0.067757
-0.014711

0.006927


K = 5, N = 15


0.004892
0.004892
-0.112766


0.031691
0.031691
-0.030545


0.089698
0.089698
0.010050


-0.080005
-0.080005
-0.160112


0.031665
0.031665
0.173094


-0.034635
-0.034635
0.090718


0.078587
0.078587
0.129057


0.058088
0.058088
0.070371

-0.054368


K = 5, N = 25


-0.009293
-0.009293
-0.189193


-0.027900
-0.027900
0.000982


-0.184500
-0.184500
-0.534830


-0.028952
-0.028952
0.294893


0.063032
0.063032
0.445812


0.040732
0.040732
0.441766


-0.064663
-0.064663
0.079453


0.045391
0.045391
0.153529

0.005620


K = 6, N = 10


-0.054973
-0.054973
-0.208058


-0.079321
-0.079321
-0.102702


-0.132178
-0.132178
-0.226035


-0.018505
-0.018505
0.171987


-0.057790
-0.057790
-0.122487


0.071349
0.071349
0.404601


-0.075629
-0.075629
-0.020545


-0.090905
-0.090905
-0.106989


0.132931
0.132931
0.255992

0.040371


K = 6, N = 15


0.031557
0.031557
0.103080


-0.115515
-0.115515
-0.196927


-0.030399
-0.030399
0.066562


-0.029823
-0.029823
-0.020276


-0.044729
-0.044729
0.123052


-0.108234
-0.108234
-0.289178


-0.140573
-0.140573
-0.263059


-0.121757
-0.121757
-0.332906


0.120706
0.120706
0.014885

0.020588


K = 6, N = 25


0.000820
0.000820
0.021397


-0.201405
-0.201405
-0.174750


0.107757
0.107757
0.208273


-0.114928
-0.114928
-0.196309


0.033546
0.033546
0.137658


0.137705
0.137705
0.436293


-0.218360
-0.218360
-0.574040


-0.112742
-0.112742
-0.082394


-0.077292
-0.077292
-0.210151

0.031039


K = 7, N = 10


-0.014483
-0.014483
-0.149345


-0.118930
-0.118930
-0.191249


-0.229160
-0.229160
-0.484698


0.052950
0.052950
0.006447


-0.012789
-0.012789
-0.132253


-0.099424
-0.099424
-0.076900


0.217167
0.217167
0.523322


0.067338
0.067338
0.208925


0.090813
0.090813
0.203906


-0.050634
-0.050634
-0.027482

0.010731


K = 7, N = 15


0.006674
0.006674
0.042571


-0.198468
-0.198468
-0.179041


-0.028297
-0.028297
0.087447


-0.059699
-0.059699
-0.134838


-0.107551
-0.107551
-0.114243


-0.155631
-0.155631
-0.145536


-0.110496
-0.110496
-0.212337


-0.072705
-0.072705
-0.286269


-0.000704
-0.000704
0.084076


0.000779
0.000779
0.094435

0.024121


K = 7, N = 25


0.000500
0.000500
-0.050835


-0.001359
-0.001359
-0.106287


0.224113
0.224113
0.537605


0.123094
0.123094
0.258893


-0.207054
-0.207054
-0.131588


0.118792
0.118792
0.403043


0.056530
0.056530
0.241925


-0.141483
-0.141483
-0.321911


-0.176352
-0.176352
-0.148196


-0.113819
-0.113819
-0.135456

0.029922


K = 8, N = 10


-0.019914
-0.019914
-0.178518


0.043478
0.043478
0.088451


0.162627
0.162627
0.162420


0.062347
0.062347
0.072782


-0.192870
-0.192870
-0.081725


-0.121756
-0.121756
-0.345089


0.182696
0.182696
0.266377


-0.094836
-0.094836
-0.193187


0.014867
0.014867
0.102518


-0.063157
-0.063157
-0.082285


0.169769
0.169769
0.327040

-0.005164


K = 8, N = 15


0.003196
0.003196
-0.040859


0.058502
0.058502
-0.031796


-0.058520
-0.058520
-0.028194


-0.002276
-0.002276
-0.114451


-0.079623
-0.079623
-0.216502


0.120750
0.120750
0.126763


-0.137416
-0.137416
-0.006096


0.248398
0.248398
0.379795


-0.108703
-0.108703
-0.237681


-0.035447
-0.035447
-0.110151


0.083436
0.083436
0.088656

0.012261


K = 8, N = 25


0.000314
0.000314
-0.091378


0.171847
0.171847
0.347135


0.154940
0.154940
0.072585


-0.030643
-0.030643
0.076181


0.005451
0.005451
0.204958


0.098256
0.098256
0.316331


-0.011181
-0.011181
0.122524


0.015493
0.015493
0.147368


0.043923
0.043923
0.172252


0.020018
0.020018
0.125393


0.064938
0.064938
0.116049

-0.022418


